,0 0
0,236 186
1,122 285
2,24 346
3,271 304
4,176 9
5,130 329
6,204 213
7,252 332
8,82 65
9,276 26
10,280 272
11,211 199
12,84 236
13,133 62
14,239 172
15,322 53
16,3 170
17,175 46
18,170 176
19,170 56
20,254 194
21,231 117
22,127 135
23,285 103
24,188 133
25,23 116
26,73 299
27,288 315
28,119 323
29,48 57
30,200 98
31,313 63
32,199 304
33,53 346
34,344 239
35,56 67
36,118 325
37,188 119
38,26 277
39,134 56
40,270 76
41,135 36
42,223 170
43,170 274
44,88 21
45,339 119
46,108 197
47,169 271
48,62 236
49,275 273
50,88 186
51,213 186
52,83 23
53,28 312
54,242 57
55,214 20
56,307 71
57,20 333
58,207 322
59,339 168
60,308 277
61,186 341
62,322 122
63,128 9
64,334 252
65,238 265
66,67 141
67,78 273
68,345 122
69,315 345
70,317 158
71,98 21
72,339 38
73,24 302
74,27 54
75,197 139
76,109 118
77,252 291
78,170 142
79,82 271
80,203 332
81,105 9
82,232 285
83,64 217
84,239 62
85,248 332
86,73 126
87,224 261
88,283 3
89,144 226
90,119 48
91,290 25
92,172 342
93,119 170
94,285 146
95,300 94
96,236 142
97,346 1
98,184 159
99,159 139
100,53 299
101,149 20
102,83 25
103,332 13
104,25 94
105,342 59
106,238 239
107,17 326
108,80 187
109,325 109
110,224 84
111,161 142
112,122 323
113,161 308
114,142 66
115,308 31
116,136 7
117,271 252
118,255 49
119,48 320
120,3 85
121,246 7
122,109 56
123,109 119
124,239 238
125,272 186
126,200 123
127,285 246
128,271 188
129,31 277
130,326 17
131,284 108
132,140 137
133,56 26
134,343 115
135,25 323
136,345 159
137,297 26
138,343 149
139,320 48
140,200 109
141,185 271
142,7 136
143,326 149
144,104 56
145,339 136
146,308 142
147,324 329
148,9 252
149,1 315
150,21 274
151,119 171
152,345 67
153,280 1
154,313 265
155,277 271
156,56 88
157,9 203
158,85 176
159,111 343
160,14 20
161,310 32
162,304 30
163,199 222
164,92 346
165,72 40
166,284 184
167,125 136
168,134 118
169,9 322
170,302 266
171,332 104
172,40 199
173,212 67
174,200 277
175,82 169
176,270 203
177,308 172
178,261 63
179,146 313
180,188 285
181,57 92
182,168 304
183,199 265
184,332 98
185,169 136
186,213 57
187,248 277
188,98 271
189,56 141
190,310 17
191,199 118
192,239 141
193,21 212
194,176 128
195,175 278
196,203 25
197,265 40
198,26 252
199,339 340
200,172 232
201,31 237
202,311 265
203,309 135
204,330 80
205,230 70
206,272 159
207,21 134
208,24 53
209,40 332
210,261 16
211,239 223
212,304 249
213,277 39
214,224 141
215,142 345
216,72 141
217,313 21
218,261 271
219,276 25
220,109 200
221,288 25
222,329 291
223,194 242
224,223 203
225,290 170
226,261 325
227,36 251
228,291 10
229,342 67
230,21 55
231,108 284
232,3 228
233,168 31
234,67 69
235,323 142
236,261 113
237,55 200
238,13 277
239,322 25
240,258 257
241,285 136
242,80 320
243,265 98
244,252 248
245,62 200
246,313 54
247,196 249
248,323 85
249,82 231
250,141 224
251,342 119
252,304 325
253,136 156
254,325 104
255,211 325
256,304 158
257,254 302
258,92 242
259,30 303
260,274 188
261,28 310
262,271 30
263,286 81
264,144 326
265,265 56
266,249 57
267,341 186
268,174 293
269,33 42
270,312 28
271,199 212
272,9 323
273,168 347
274,67 142
275,1 53
276,115 2
277,333 2
278,332 38
279,291 280
280,119 54
281,271 232
282,135 281
283,258 9
284,285 200
285,330 94
286,263 175
287,212 304
288,238 342
289,284 159
290,111 279
291,141 172
292,66 21
293,313 203
294,84 51
295,139 320
296,25 186
297,252 338
298,200 188
299,59 342
300,162 149
301,304 322
302,185 169
303,252 236
304,25 290
305,56 185
306,158 40
307,238 222
308,56 128
309,199 261
310,271 203
311,63 313
312,62 161
313,302 57
314,19 175
315,98 172
316,28 144
317,249 213
318,239 252
319,332 25
320,265 203
321,303 104
322,339 161
323,119 39
324,239 211
325,313 172
326,200 122
327,104 303
328,75 9
329,137 312
330,272 203
331,218 78
332,261 268
333,314 65
334,57 213
335,21 56
336,7 213
337,139 281
338,5 122
339,55 21
340,80 24
341,178 38
342,186 109
343,304 21
344,192 49
345,203 21
346,285 271
347,122 248
348,104 322
349,312 243
350,302 254
351,236 169
352,304 324
353,266 249
354,3 280
355,243 312
356,211 98
357,195 181
358,8 245
359,297 185
360,113 104
361,10 142
362,129 7
363,56 297
364,248 323
365,273 328
366,115 19
367,36 309
368,129 168
369,242 194
370,343 2
371,21 169
372,226 343
373,40 200
374,172 331
375,326 343
376,134 26
377,332 329
378,3 200
379,331 109
380,150 128
381,101 299
382,203 59
383,231 315
384,265 199
385,99 296
386,322 290
387,296 102
388,118 261
389,238 56
390,117 231
391,312 149
392,304 308
393,105 277
394,204 196
395,315 303
396,284 21
397,239 21
398,312 326
399,277 161
400,340 213
401,98 223
402,172 277
403,128 104
404,313 222
405,98 331
406,299 194
407,122 141
408,324 217
409,291 25
410,13 188
411,104 318
412,261 65
413,265 128
414,163 173
415,116 14
416,92 1
417,26 3
418,165 121
419,3 25
420,149 226
421,328 306
422,172 141
423,303 315
424,56 239
425,122 274
426,46 177
427,249 180
428,73 1
429,272 346
430,53 48
431,199 119
432,248 38
433,24 187
434,196 67
435,304 172
436,87 136
437,323 141
438,323 62
439,189 217
440,280 236
441,115 137
442,25 276
443,186 55
444,30 56
445,60 285
446,197 127
447,334 26
448,304 170
449,259 8
450,346 184
451,186 199
452,200 39
453,185 344
454,184 329
455,149 162
456,285 213
457,185 290
458,13 261
459,204 5
460,109 26
461,169 40
462,194 196
463,85 156
464,67 55
465,98 285
466,123 342
467,118 283
468,45 67
469,80 48
470,162 343
471,272 21
472,271 133
473,67 297
474,13 118
475,115 28
476,230 23
477,58 269
478,46 175
479,25 169
480,80 57
481,135 197
482,203 161
483,113 261
484,116 23
485,275 218
486,285 170
487,314 199
488,279 111
489,126 48
490,36 320
491,137 167
492,140 326
493,130 48
494,302 94
495,315 80
496,101 80
497,23 227
498,92 194
499,2 20
500,72 252
501,323 96
502,91 8
503,143 177
504,200 30
505,257 26
506,331 324
507,142 322
508,188 104
509,239 276
510,23 61
511,325 21
512,204 94
513,346 194
514,223 186
515,56 252
516,113 142
517,26 21
518,285 323
519,290 176
520,93 167
521,276 122
522,96 133
523,41 243
524,188 304
525,203 313
526,200 170
527,232 200
528,235 5
529,6 89
530,171 107
531,257 169
532,224 232
533,271 79
534,187 24
535,141 67
536,113 66
537,56 103
538,59 271
539,40 213
540,158 26
541,211 82
542,285 208
543,119 285
544,26 9
545,40 133
546,143 175
547,56 132
548,45 221
549,212 344
550,285 315
551,301 324
552,21 170
553,326 214
554,281 159
555,281 251
556,109 67
557,25 232
558,59 56
559,92 180
560,122 284
561,322 48
562,277 308
563,290 323
564,167 93
565,250 59
566,106 29
567,274 341
568,249 302
569,118 239
570,111 337
571,252 109
572,56 55
573,80 266
574,252 134
575,104 67
576,94 346
577,141 280
578,325 161
579,322 203
580,96 274
581,158 315
582,199 98
583,134 132
584,280 98
585,254 187
586,329 269
587,297 21
588,100 150
589,110 264
590,266 330
591,171 150
592,322 45
593,72 165
594,344 257
595,184 21
596,119 332
597,257 236
598,277 324
599,332 248
600,329 119
601,225 86
602,232 56
603,291 224
604,53 196
605,315 213
606,322 136
607,181 152
608,141 257
609,180 80
610,26 199
611,45 104
612,332 67
613,303 45
614,250 252
615,3 26
616,98 148
617,185 55
618,172 239
619,295 239
620,325 98
621,252 113
622,323 119
623,188 315
624,55 203
625,137 111
626,224 200
627,194 80
628,295 104
629,17 140
630,266 302
631,232 212
632,249 24
633,200 323
634,323 122
635,203 65
636,259 201
637,161 56
638,119 252
639,238 82
640,197 251
641,105 272
642,291 332
643,289 137
644,195 306
645,313 26
646,108 21
647,98 203
648,260 160
649,346 204
650,271 21
651,334 113
652,172 238
653,299 48
654,65 314
655,1 194
656,175 321
657,261 223
658,10 169
659,185 315
660,67 136
661,203 211
662,329 272
663,203 297
664,212 239
665,80 194
666,161 118
667,170 250
668,176 290
669,225 227
670,324 118
671,98 104
672,318 119
673,291 72
674,38 141
675,156 295
676,31 51
677,123 334
678,251 284
679,19 312
680,53 322
681,203 67
682,89 6
683,235 21
684,68 177
685,227 177
686,281 108
687,280 188
688,144 14
689,126 88
690,315 249
691,232 40
692,131 99
693,103 271
694,119 185
695,200 3
696,7 22
697,132 134
698,239 212
699,231 178
700,21 223
701,194 266
702,109 186
703,127 284
704,322 56
705,123 67
706,299 346
707,144 23
708,149 326
709,56 75
710,144 343
711,98 122
712,31 291
713,272 108
714,118 26
715,232 298
716,13 172
717,184 135
718,200 75
719,203 82
720,280 121
721,177 278
722,236 297
723,26 265
724,331 56
725,298 40
726,262 220
727,314 342
728,127 36
729,94 53
730,186 178
731,41 230
732,118 268
733,185 274
734,161 252
735,199 203
736,299 24
737,175 99
738,325 252
739,87 161
740,239 234
741,302 194
742,252 29
743,142 158
744,88 73
745,16 261
746,20 44
747,3 72
748,57 249
749,278 86
750,251 36
751,44 343
752,143 131
753,50 277
754,203 200
755,72 3
756,72 200
757,252 200
758,280 332
759,254 101
760,161 21
761,86 278
762,328 275
763,91 193
764,248 169
765,9 276
766,258 141
767,303 236
768,82 331
769,97 230
770,113 132
771,53 260
772,23 175
773,186 345
774,184 139
775,239 323
776,54 27
777,291 213
778,188 170
779,62 276
780,128 265
781,170 315
782,143 278
783,188 323
784,25 158
785,56 66
786,40 232
787,123 98
788,284 36
789,331 98
790,303 109
791,25 176
792,136 339
793,104 123
794,124 170
795,174 112
796,85 323
797,325 222
798,290 56
799,3 142
800,300 130
801,109 324
802,251 108
803,218 328
804,9 176
805,128 322
806,26 203
807,252 13
808,149 115
809,111 312
810,119 313
811,68 175
812,186 9
813,128 313
814,330 242
815,211 331
816,72 26
817,67 203
818,257 315
819,236 105
820,213 87
821,21 342
822,329 184
823,224 122
824,31 168
825,67 212
826,115 312
827,273 78
828,332 158
829,26 308
830,13 238
831,159 172
832,92 24
833,207 56
834,278 225
835,115 226
836,315 158
837,56 119
838,26 232
839,135 309
840,232 231
841,172 252
842,159 127
843,68 225
844,231 9
845,23 245
846,322 60
847,141 39
848,266 53
849,176 239
850,162 326
851,304 161
852,237 31
853,169 56
854,322 1
855,1 133
856,133 96
857,115 14
858,313 199
859,304 212
860,90 179
861,346 320
862,113 342
863,142 122
864,9 258
865,75 200
866,148 119
867,320 127
868,118 211
869,280 231
870,14 226
871,281 284
872,239 325
873,9 304
874,173 163
875,30 48
876,187 302
877,56 161
878,260 126
879,165 72
880,88 48
881,103 339
882,56 62
883,188 25
884,73 331
885,272 304
886,24 266
887,67 290
888,271 172
889,172 211
890,57 277
891,118 331
892,67 188
893,211 203
894,278 46
895,113 119
896,320 184
897,194 346
898,134 66
899,51 237
900,322 130
901,56 332
902,67 123
903,199 315
904,25 231
905,56 272
906,315 291
907,266 196
908,133 141
909,243 41
910,177 175
911,65 261
912,24 180
913,243 216
914,265 311
915,249 187
916,119 217
917,85 188
918,187 101
919,309 320
920,36 197
921,87 315
922,322 161
923,28 151
924,177 131
925,239 203
926,187 92
927,299 94
928,280 304
929,31 339
930,56 221
931,179 145
932,48 54
933,3 122
934,203 331
935,53 254
936,98 113
937,56 169
938,313 239
939,8 91
940,126 322
941,22 7
942,21 9
943,67 119
944,25 76
945,83 31
946,188 165
947,137 41
948,341 9
949,271 332
950,315 133
951,312 262
952,157 124
953,121 165
954,232 158
955,249 315
956,3 188
957,297 67
958,128 176
959,218 181
960,239 232
961,21 184
962,152 4
963,340 7
964,312 111
965,327 95
966,2 333
967,59 239
968,248 26
969,249 254
970,184 346
971,59 268
972,324 109
973,82 158
974,322 85
975,169 334
976,56 59
977,252 65
978,224 291
979,120 247
980,334 21
981,325 13
982,226 2
983,119 176
984,280 290
985,277 186
986,118 200
987,9 67
988,148 109
989,248 53
990,325 186
991,323 103
992,170 3
993,197 320
994,24 194
995,342 13
996,141 122
997,298 265
998,141 72
999,285 313
1000,22 339
1001,343 44
1002,128 26
1003,178 213
1004,213 246
1005,340 339
1006,334 339
1007,342 56
1008,67 75
1009,277 105
1010,78 218
1011,330 249
1012,25 119
1013,67 186
1014,29 338
1015,291 272
1016,122 128
1017,142 271
1018,119 122
1019,194 101
1020,176 170
1021,159 281
1022,299 187
1023,13 98
1024,103 169
1025,266 242
1026,102 296
1027,257 280
1028,66 56
1029,94 80
1030,59 186
1031,143 227
1032,69 67
1033,239 322
1034,142 31
1035,332 331
1036,313 315
1037,177 225
1038,72 113
1039,324 136
1040,50 314
1041,269 58
1042,277 175
1043,40 280
1044,178 88
1045,346 196
1046,21 332
1047,325 265
1048,342 98
1049,148 50
1050,170 128
1051,141 291
1052,200 67
1053,161 339
1054,9 105
1055,324 22
1056,108 36
1057,119 271
1058,280 252
1059,21 142
1060,94 320
1061,45 122
1062,1 48
1063,136 56
1064,67 109
1065,123 186
1066,115 140
1067,26 122
1068,199 238
1069,227 68
1070,322 323
1071,203 9
1072,200 199
1073,116 149
1074,185 103
1075,115 262
1076,30 9
1077,276 98
1078,341 322
1079,274 21
1080,98 261
1081,142 277
1082,21 239
1083,211 56
1084,80 300
1085,186 59
1086,315 313
1087,196 330
1088,194 180
1089,242 249
1090,257 25
1091,276 9
1092,304 224
1093,204 130
1094,277 57
1095,96 190
1096,345 285
1097,230 307
1098,56 203
1099,204 92
1100,141 199
1101,150 163
1102,247 29
1103,25 104
1104,242 53
1105,186 203
1106,56 122
1107,246 339
1108,223 172
1109,73 48
1110,185 322
1111,50 113
1112,276 236
1113,282 244
1114,31 308
1115,211 272
1116,148 113
1117,211 128
1118,184 281
1119,344 104
1120,338 203
1121,29 118
1122,176 26
1123,55 170
1124,69 26
1125,277 332
1126,338 252
1127,271 25
1128,213 345
1129,304 203
1130,72 232
1131,48 73
1132,127 21
1133,56 238
1134,208 188
1135,312 14
1136,72 56
1137,40 231
1138,98 325
1139,127 281
1140,122 142
1141,319 89
1142,242 266
1143,266 80
1144,328 4
1145,322 128
1146,94 315
1147,21 203
1148,339 129
1149,172 98
1150,48 88
1151,188 56
1152,199 325
1153,317 132
1154,170 304
1155,274 75
1156,248 67
1157,186 45
1158,161 87
1159,291 188
1160,25 148
1161,277 325
1162,86 225
1163,211 13
1164,100 323
1165,246 315
1166,21 105
1167,170 342
1168,226 28
1169,334 132
1170,190 23
1171,322 118
1172,199 239
1173,318 261
1174,188 67
1175,113 271
1176,297 188
1177,264 91
1178,326 28
1179,113 26
1180,339 87
1181,104 186
1182,346 101
1183,236 62
1184,239 122
1185,199 172
1186,67 272
1187,347 129
1188,188 291
1189,127 108
1190,25 252
1191,272 9
1192,233 256
1193,326 116
1194,26 334
1195,239 26
1196,333 149
1197,133 40
1198,197 272
1199,104 200
1200,84 224
1201,223 271
1202,302 24
1203,242 204
1204,188 239
1205,342 211
1206,85 322
1207,125 119
1208,272 211
1209,239 313
1210,45 200
1211,303 322
1212,103 285
1213,5 180
1214,297 322
1215,199 56
1216,196 266
1217,195 4
1218,238 203
1219,142 161
1220,347 168
1221,67 62
1222,315 203
1223,170 268
1224,128 271
1225,111 310
1226,62 142
1227,14 151
1228,313 60
1229,92 94
1230,21 277
1231,48 203
1232,180 48
1233,29 252
1234,40 334
1235,239 119
1236,252 103
1237,104 25
1238,333 343
1239,36 135
1240,257 344
1241,203 170
1242,248 252
1243,303 221
1244,56 9
1245,59 252
1246,327 89
1247,186 62
1248,85 271
1249,161 62
1250,265 67
1251,175 86
1252,272 236
1253,236 88
1254,329 150
1255,99 68
1256,106 169
1257,325 172
1258,156 67
1259,17 310
1260,180 187
1261,119 199
1262,82 118
1263,166 202
1264,95 319
1265,172 29
1266,178 30
1267,332 203
1268,130 300
1269,342 63
1270,113 67
1271,277 55
1272,284 197
1273,324 332
1274,272 285
1275,142 285
1276,131 227
1277,322 246
1278,62 67
1279,204 53
1280,5 204
1281,271 276
1282,338 31
1283,20 2
1284,275 195
1285,1 299
1286,308 21
1287,188 30
1288,55 239
1289,261 123
1290,98 280
1291,161 26
1292,203 186
1293,2 226
1294,242 180
1295,31 200
1296,119 208
1297,297 280
1298,142 104
1299,269 119
1300,346 127
1301,7 38
1302,67 345
1303,271 322
1304,22 277
1305,332 324
1306,82 56
1307,272 297
1308,252 325
1309,155 157
1310,69 25
1311,20 115
1312,133 271
1313,9 128
1314,168 7
1315,236 271
1316,53 191
1317,231 232
1318,19 293
1319,158 339
1320,84 82
1321,53 54
1322,275 78
1323,203 268
1324,144 151
1325,64 171
1326,4 306
1327,237 51
1328,55 56
1329,185 119
1330,13 236
1331,199 128
1332,277 120
1333,297 203
1334,346 272
1335,108 320
1336,178 345
1337,213 272
1338,82 148
1339,221 285
1340,56 334
1341,200 55
1342,56 136
1343,326 162
1344,181 275
1345,56 298
1346,147 95
1347,185 22
1348,212 172
1349,67 9
1350,13 148
1351,54 1
1352,40 271
1353,239 109
1354,304 109
1355,109 158
1356,343 111
1357,271 277
1358,261 313
1359,249 266
1360,236 69
1361,25 72
1362,276 271
1363,306 275
1364,222 118
1365,315 322
1366,112 19
1367,142 9
1368,133 236
1369,9 334
1370,146 50
1371,329 332
1372,268 118
1373,304 257
1374,186 285
1375,169 318
1376,101 187
1377,291 31
1378,20 226
1379,300 346
1380,291 258
1381,148 25
1382,150 329
1383,62 239
1384,142 323
1385,186 67
1386,82 13
1387,94 24
1388,119 109
1389,44 312
1390,276 200
1391,313 98
1392,53 317
1393,26 271
1394,297 9
1395,67 323
1396,168 22
1397,170 290
1398,329 197
1399,226 312
1400,59 261
1401,56 60
1402,232 21
1403,194 204
1404,169 26
1405,30 322
1406,21 119
1407,302 330
1408,237 84
1409,243 167
1410,109 331
1411,175 19
1412,323 3
1413,30 200
1414,67 196
1415,121 206
1416,271 141
1417,308 246
1418,324 301
1419,172 271
1420,324 150
1421,148 229
1422,226 41
1423,297 323
1424,28 326
1425,104 26
1426,116 312
1427,9 85
1428,9 199
1429,92 187
1430,320 300
1431,331 118
1432,21 88
1433,55 277
1434,76 270
1435,218 273
1436,62 323
1437,158 304
1438,69 304
1439,291 7
1440,324 119
1441,17 116
1442,87 246
1443,109 322
1444,108 281
1445,30 73
1446,186 200
1447,249 194
1448,342 172
1449,54 329
1450,25 141
1451,188 26
1452,315 323
1453,25 297
1454,242 158
1455,119 188
1456,108 184
1457,26 176
1458,203 308
1459,342 21
1460,44 111
1461,142 303
1462,138 19
1463,339 148
1464,324 213
1465,285 164
1466,265 331
1467,323 341
1468,299 180
1469,242 80
1470,285 117
1471,252 123
1472,51 83
1473,214 116
1474,252 322
1475,161 258
1476,248 21
1477,56 212
1478,217 119
1479,236 280
1480,116 140
1481,325 59
1482,320 108
1483,186 170
1484,257 272
1485,53 332
1486,295 212
1487,13 223
1488,265 239
1489,334 165
1490,254 330
1491,223 199
1492,21 136
1493,174 19
1494,213 96
1495,9 280
1496,315 98
1497,129 31
1498,251 281
1499,88 164
1500,240 23
1501,325 26
1502,285 277
1503,98 128
1504,224 332
1505,297 200
1506,29 231
1507,130 204
1508,1 88
1509,221 322
1510,98 59
1511,315 128
1512,54 313
1513,164 88
1514,87 213
1515,334 277
1516,272 185
1517,309 281
1518,122 280
1519,331 271
1520,119 280
1521,22 87
1522,119 128
1523,158 82
1524,271 142
1525,323 285
1526,103 136
1527,204 249
1528,227 23
1529,329 106
1530,341 56
1531,226 14
1532,197 36
1533,262 115
1534,334 304
1535,265 223
1536,44 20
1537,272 271
1538,67 200
1539,169 236
1540,149 2
1541,341 274
1542,315 26
1543,56 30
1544,325 239
1545,31 129
1546,130 73
1547,95 89
1548,186 21
1549,325 211
1550,57 80
1551,206 178
1552,322 62
1553,226 116
1554,77 40
1555,31 338
1556,325 200
1557,109 252
1558,67 332
1559,181 195
1560,161 9
1561,88 106
1562,136 304
1563,170 260
1564,130 88
1565,80 92
1566,322 88
1567,53 204
1568,91 110
1569,14 116
1570,188 342
1571,194 249
1572,53 330
1573,67 252
1574,172 118
1575,20 41
1576,248 200
1577,308 338
1578,197 108
1579,96 224
1580,98 272
1581,211 222
1582,150 64
1583,224 67
1584,304 98
1585,310 137
1586,132 158
1587,105 21
1588,21 308
1589,219 319
1590,245 8
1591,308 7
1592,265 325
1593,315 121
1594,41 115
1595,284 281
1596,106 231
1597,169 315
1598,67 325
1599,26 55
1600,156 188
1601,101 194
1602,277 170
1603,258 188
1604,19 174
1605,304 334
1606,271 331
1607,239 67
1608,222 199
1609,332 208
1610,312 305
1611,328 218
1612,110 259
1613,170 271
1614,66 67
1615,341 188
1616,200 9
1617,199 113
1618,67 271
1619,134 67
1620,115 116
1621,94 254
1622,227 86
1623,67 26
1624,39 141
1625,118 342
1626,220 115
1627,261 297
1628,252 82
1629,189 100
1630,339 334
1631,218 275
1632,313 261
1633,101 266
1634,101 302
1635,49 192
1636,59 325
1637,169 21
1638,67 280
1639,134 252
1640,30 236
1641,322 308
1642,119 82
1643,100 217
1644,111 20
1645,122 123
1646,94 180
1647,346 300
1648,322 21
1649,293 19
1650,56 199
1651,203 56
1652,314 82
1653,158 22
1654,118 172
1655,239 169
1656,223 342
1657,184 36
1658,311 325
1659,208 291
1660,56 222
1661,239 295
1662,56 313
1663,272 277
1664,199 134
1665,9 119
1666,88 80
1667,185 280
1668,331 203
1669,310 111
1670,25 199
1671,200 113
1672,184 57
1673,72 291
1674,285 303
1675,299 92
1676,56 211
1677,322 9
1678,13 313
1679,322 276
1680,334 9
1681,5 187
1682,119 26
1683,60 291
1684,89 95
1685,9 156
1686,337 111
1687,141 304
1688,322 158
1689,28 226
1690,203 325
1691,200 276
1692,176 25
1693,7 65
1694,21 235
1695,129 291
1696,204 266
1697,252 265
1698,64 119
1699,119 125
1700,119 325
1701,73 130
1702,9 66
1703,142 109
1704,213 53
1705,271 119
1706,99 102
1707,280 105
1708,251 135
1709,312 220
1710,186 236
1711,277 98
1712,120 277
1713,26 304
1714,315 280
1715,1 92
1716,144 17
1717,239 55
1718,339 31
1719,5 315
1720,252 25
1721,125 169
1722,224 213
1723,99 23
1724,136 122
1725,236 121
1726,56 277
1727,82 170
1728,265 238
1729,41 17
1730,88 322
1731,325 304
1732,332 291
1733,313 170
1734,199 291
1735,280 122
1736,324 199
1737,188 9
1738,132 45
1739,130 25
1740,75 304
1741,291 169
1742,6 147
1743,194 254
1744,142 170
1745,21 121
1746,8 264
1747,88 303
1748,271 170
1749,48 80
1750,25 280
1751,94 92
1752,299 249
1753,175 277
1754,113 25
1755,186 128
1756,104 188
1757,302 315
1758,334 169
1759,304 272
1760,313 342
1761,203 261
1762,118 324
1763,30 329
1764,310 151
1765,303 132
1766,153 280
1767,303 285
1768,264 8
1769,105 257
1770,199 186
1771,224 9
1772,25 291
1773,104 169
1774,274 40
1775,339 313
1776,122 31
1777,308 323
1778,186 221
1779,40 315
1780,224 276
1781,161 271
1782,111 17
1783,252 186
1784,203 285
1785,189 64
1786,203 118
1787,338 308
1788,308 87
1789,280 315
1790,169 122
1791,67 128
1792,178 322
1793,156 122
1794,194 92
1795,280 142
1796,26 40
1797,307 230
1798,204 57
1799,248 119
1800,104 325
1801,186 239
1802,189 150
1803,128 252
1804,136 169
1805,132 119
1806,199 9
1807,150 189
1808,128 170
1809,239 261
1810,308 26
1811,26 69
1812,122 203
1813,36 184
1814,293 174
1815,277 159
1816,115 343
1817,41 116
1818,315 324
1819,280 239
1820,251 21
1821,26 315
1822,169 104
1823,53 213
1824,199 40
1825,109 21
1826,236 257
1827,25 277
1828,339 22
1829,186 322
1830,236 13
1831,313 118
1832,285 185
1833,332 200
1834,142 134
1835,252 315
1836,296 99
1837,36 108
1838,40 329
1839,212 232
1840,217 64
1841,53 101
1842,170 200
1843,118 199
1844,122 200
1845,271 236
1846,130 257
1847,118 65
1848,322 257
1849,75 67
1850,161 277
1851,291 158
1852,77 332
1853,143 68
1854,3 67
1855,297 65
1856,342 118
1857,167 32
1858,214 137
1859,132 315
1860,26 298
1861,98 141
1862,64 189
1863,259 110
1864,19 214
1865,25 200
1866,265 298
1867,24 101
1868,119 13
1869,238 211
1870,56 231
1871,75 56
1872,143 225
1873,234 239
1874,330 204
1875,172 261
1876,62 170
1877,345 186
1878,127 251
1879,25 88
1880,304 75
1881,136 308
1882,38 248
1883,261 314
1884,186 188
1885,200 271
1886,56 342
1887,200 285
1888,200 26
1889,9 170
1890,122 261
1891,105 236
1892,4 152
1893,204 329
1894,139 251
1895,62 223
1896,40 72
1897,285 196
1898,96 213
1899,118 13
1900,91 245
1901,26 276
1902,158 142
1903,315 329
1904,271 185
1905,67 104
1906,200 280
1907,180 24
1908,101 53
1909,115 41
1910,185 25
1911,13 67
1912,213 315
1913,68 227
1914,186 323
1915,213 128
1916,67 213
1917,214 41
1918,9 342
1919,252 199
1920,24 299
1921,318 123
1922,92 204
1923,122 25
1924,297 252
1925,100 269
1926,56 72
1927,261 211
1928,322 75
1929,122 55
1930,154 219
1931,236 303
1932,75 323
1933,26 161
1934,21 236
1935,249 304
1936,344 185
1937,344 212
1938,14 28
1939,13 252
1940,178 303
1941,211 103
1942,60 239
1943,186 104
1944,203 342
1945,8 259
1946,271 199
1947,342 165
1948,82 314
1949,7 322
1950,322 242
1951,123 26
1952,211 342
1953,13 82
1954,187 346
1955,322 329
1956,113 313
1957,261 122
1958,104 203
1959,198 166
1960,142 56
1961,116 144
1962,295 26
1963,169 185
1964,211 285
1965,344 67
1966,84 237
1967,329 16
1968,122 303
1969,53 249
1970,122 56
1971,67 13
1972,82 199
1973,48 330
1974,346 130
1975,40 169
1976,109 203
1977,152 275
1978,59 250
1979,68 143
1980,180 242
1981,296 175
1982,101 330
1983,165 113
1984,126 260
1985,21 271
1986,17 41
1987,82 59
1988,342 261
1989,297 56
1990,142 334
1991,291 87
1992,342 314
1993,178 231
1994,109 303
1995,128 213
1996,72 272
1997,342 277
1998,321 175
1999,271 176
2000,144 116
2001,48 180
2002,322 104
2003,298 271
2004,21 281
2005,67 277
2006,343 19
2007,221 303
2008,134 304
2009,132 303
2010,304 122
2011,285 221
2012,315 302
2013,304 56
2014,26 128
2015,204 242
2016,32 167
2017,41 144
2018,101 204
2019,182 97
2020,111 214
2021,261 118
2022,329 27
2023,295 9
2024,148 339
2025,346 53
2026,88 1
2027,67 344
2028,172 199
2029,188 277
2030,197 284
2031,103 56
2032,185 297
2033,213 122
2034,53 266
2035,101 94
2036,67 72
2037,266 101
2038,315 56
2039,280 291
2040,304 67
2041,20 312
2042,332 16
2043,252 122
2044,9 113
2045,79 188
2046,26 118
2047,56 40
2048,277 213
2049,330 266
2050,204 80
2051,13 239
2052,113 325
2053,211 29
2054,141 40
2055,118 56
2056,91 259
2057,280 67
2058,94 300
2059,67 21
2060,137 214
2061,50 203
2062,168 291
2063,31 83
2064,196 92
2065,213 161
2066,254 204
2067,303 122
2068,227 102
2069,291 252
2070,186 142
2071,331 16
2072,277 26
2073,312 44
2074,93 310
2075,196 346
2076,266 254
2077,148 272
2078,13 342
2079,169 332
2080,4 195
2081,80 299
2082,26 98
2083,127 139
2084,223 200
2085,113 72
2086,213 40
2087,204 346
2088,113 172
2089,261 345
2090,303 345
2091,309 127
2092,165 169
2093,236 272
2094,103 98
2095,310 167
2096,227 296
2097,325 268
2098,332 252
2099,285 304
2100,186 213
2101,239 25
2102,169 277
2103,334 188
2104,134 203
2105,89 319
2106,325 223
2107,119 50
2108,329 308
2109,79 26
2110,336 25
2111,9 79
2112,261 98
2113,21 272
2114,314 50
2115,106 88
2116,140 17
2117,299 254
2118,82 261
2119,203 334
2120,19 17
2121,26 236
2122,170 285
2123,161 199
2124,104 113
2125,1 280
2126,232 224
2127,39 121
2128,53 24
2129,277 291
2130,169 5
2131,67 134
2132,346 92
2133,322 250
2134,322 339
2135,45 142
2136,277 334
2137,141 62
2138,1 119
2139,115 326
2140,189 119
2141,180 194
2142,223 98
2143,236 304
2144,203 265
2145,339 277
2146,277 188
2147,304 239
2148,26 188
2149,40 304
2150,26 79
2151,232 9
2152,271 40
2153,308 22
2154,200 304
2155,312 17
2156,50 146
2157,280 26
2158,137 115
2159,257 295
2160,103 25
2161,49 241
2162,170 332
2163,56 290
2164,40 29
2165,329 130
2166,313 271
2167,56 276
2168,122 3
2169,41 14
2170,23 190
2171,118 277
2172,108 159
2173,315 223
2174,285 9
2175,118 304
2176,8 201
2177,277 339
2178,332 122
2179,227 143
2180,212 40
2181,57 24
2182,56 322
2183,186 222
2184,40 141
2185,310 41
2186,196 194
2187,271 285
2188,41 151
2189,261 239
2190,320 272
2191,123 200
2192,50 119
2193,67 322
2194,272 213
2195,56 104
2196,103 7
2197,170 82
2198,328 78
2199,41 137
2200,280 141
2201,223 315
2202,79 67
2203,203 272
2204,334 203
2205,313 252
2206,119 150
2207,229 334
2208,309 184
2209,229 109
2210,67 25
2211,187 254
2212,170 185
2213,110 8
2214,268 325
2215,81 269
2216,104 122
2217,141 26
2218,25 272
2219,200 56
2220,158 113
2221,159 277
2222,109 142
2223,212 252
2224,29 16
2225,304 271
2226,310 93
2227,315 105
2228,332 119
2229,284 251
2230,244 282
2231,102 99
2232,322 252
2233,261 203
2234,150 171
2235,85 3
2236,341 304
2237,195 275
2238,122 272
2239,232 276
2240,236 122
2241,330 92
2242,104 142
2243,186 277
2244,332 231
2245,99 278
2246,77 117
2247,324 252
2248,122 170
2249,82 121
2250,331 211
2251,236 224
2252,156 136
2253,159 320
2254,19 115
2255,277 208
2256,249 346
2257,136 120
2258,50 331
2259,281 320
2260,200 297
2261,337 41
2262,290 322
2263,242 101
2264,325 122
2265,30 331
2266,212 199
2267,119 331
2268,294 277
2269,40 274
2270,308 213
2271,252 79
2272,9 26
2273,109 104
2274,40 224
2275,144 41
2276,98 315
2277,158 242
2278,180 196
2279,122 342
2280,169 142
2281,147 319
2282,166 198
2283,151 41
2284,40 158
2285,271 239
2286,315 257
2287,67 304
2288,99 263
2289,323 332
2290,254 346
2291,312 115
2292,132 277
2293,324 238
2294,67 265
2295,248 311
2296,322 30
2297,109 229
2298,230 71
2299,223 246
2300,159 345
2301,56 291
2302,253 182
2303,20 162
2304,94 187
2305,67 303
2306,170 124
2307,130 322
2308,272 40
2309,115 20
2310,195 218
2311,302 249
2312,142 297
2313,281 21
2314,252 26
2315,14 144
2316,140 214
2317,214 14
2318,32 310
2319,130 53
2320,171 119
2321,225 99
2322,330 299
2323,222 313
2324,21 165
2325,304 280
2326,238 59
2327,302 346
2328,267 23
2329,312 137
2330,98 265
2331,203 50
2332,308 136
2333,342 170
2334,338 29
2335,143 46
2336,315 211
2337,98 252
2338,231 172
2339,325 40
2340,285 186
2341,239 123
2342,239 66
2343,171 189
2344,277 252
2345,226 326
2346,274 122
2347,122 161
2348,281 272
2349,280 25
2350,249 101
2351,239 60
2352,214 326
2353,325 199
2354,186 56
2355,246 223
2356,148 176
2357,315 132
2358,330 53
2359,290 280
2360,36 284
2361,104 21
2362,284 135
2363,310 337
2364,25 51
2365,277 67
2366,325 158
2367,68 263
2368,113 277
2369,100 163
2370,19 138
2371,320 135
2372,314 96
2373,211 118
2374,297 142
2375,251 197
2376,40 142
2377,26 291
2378,39 21
2379,9 72
2380,320 159
2381,144 28
2382,232 133
2383,252 308
2384,118 29
2385,25 3
2386,27 119
2387,25 283
2388,26 141
2389,228 283
2390,343 116
2391,131 278
2392,169 9
2393,345 21
2394,5 87
2395,57 48
2396,222 56
2397,172 72
2398,304 26
2399,53 180
2400,261 67
2401,177 227
2402,224 148
2403,65 82
2404,249 299
2405,113 239
2406,141 98
2407,127 272
2408,113 203
2409,165 200
2410,223 239
2411,271 261
2412,342 265
2413,329 322
2414,26 200
2415,302 53
2416,203 29
2417,275 181
2418,17 111
2419,56 304
2420,82 172
2421,277 22
2422,119 269
2423,169 125
2424,111 41
2425,172 103
2426,122 344
2427,268 82
2428,313 146
2429,161 322
2430,314 236
2431,332 109
2432,252 66
2433,59 203
2434,172 82
2435,322 345
2436,2 312
2437,313 285
2438,300 299
2439,269 81
2440,25 188
2441,128 248
2442,85 170
2443,132 311
2444,203 238
2445,254 53
2446,332 10
2447,25 84
2448,3 283
2449,92 196
2450,299 101
2451,202 166
2452,119 163
2453,172 265
2454,146 339
2455,303 56
2456,315 185
2457,315 246
2458,231 40
2459,41 214
2460,25 40
2461,322 170
2462,26 123
2463,172 13
2464,142 21
2465,25 336
2466,131 143
2467,323 258
2468,142 123
2469,324 331
2470,202 329
2471,252 128
2472,9 134
2473,122 252
2474,113 148
2475,65 118
2476,322 178
2477,141 276
2478,9 142
2479,277 272
2480,273 181
2481,200 25
2482,346 24
2483,297 324
2484,109 285
2485,105 69
2486,98 26
2487,188 21
2488,25 9
2489,1 126
2490,170 26
2491,113 200
2492,158 25
2493,323 322
2494,122 224
2495,94 249
2496,271 211
2497,276 133
2498,329 9
2499,331 30
2500,110 91
2501,249 94
2502,203 239
2503,203 109
2504,290 342
2505,339 246
2506,73 30
2507,117 285
2508,315 136
2509,167 137
2510,242 24
2511,5 316
2512,23 83
2513,271 297
2514,242 254
2515,217 171
2516,109 169
2517,146 285
2518,180 266
2519,78 306
2520,242 132
2521,277 285
2522,285 60
2523,271 59
2524,30 271
2525,224 322
2526,299 330
2527,162 20
2528,236 276
2529,67 3
2530,326 226
2531,342 313
2532,265 342
2533,122 235
2534,55 67
2535,329 320
2536,51 25
2537,28 140
2538,88 336
2539,273 218
2540,21 188
2541,21 280
2542,87 322
2543,337 32
2544,252 272
2545,113 304
2546,24 94
2547,213 324
2548,40 277
2549,322 109
2550,315 285
2551,341 203
2552,21 334
2553,136 322
2554,181 328
2555,119 229
2556,304 113
2557,40 317
2558,342 290
2559,41 226
2560,98 170
2561,251 320
2562,304 332
2563,271 128
2564,67 185
2565,66 9
2566,30 213
2567,188 75
2568,231 106
2569,172 212
2570,135 284
2571,307 40
2572,56 188
2573,204 254
2574,123 318
2575,161 39
2576,57 108
2577,25 285
2578,146 136
2579,41 140
2580,80 346
2581,101 249
2582,40 239
2583,285 119
2584,133 26
2585,51 23
2586,169 128
2587,281 197
2588,322 26
2589,7 31
2590,49 255
2591,62 199
2592,119 9
2593,274 96
2594,136 21
2595,140 312
2596,285 122
2597,4 275
2598,101 346
2599,239 56
2600,314 313
2601,113 121
2602,176 271
2603,322 186
2604,25 39
2605,203 315
2606,259 193
2607,197 21
2608,140 41
2609,139 197
2610,167 337
2611,345 303
2612,319 147
2613,304 168
2614,172 308
2615,304 9
2616,81 286
2617,120 136
2618,21 26
2619,266 204
2620,226 20
2621,203 119
2622,199 82
2623,225 177
2624,211 238
2625,67 10
2626,122 236
2627,252 72
2628,227 225
2629,252 31
2630,146 148
2631,224 25
2632,56 200
2633,317 101
2634,342 203
2635,315 9
2636,346 249
2637,203 104
2638,148 105
2639,188 290
2640,148 82
2641,322 315
2642,277 280
2643,341 62
2644,9 277
2645,7 103
2646,135 184
2647,122 188
2648,277 25
2649,79 252
2650,196 53
2651,325 277
2652,257 39
2653,332 169
2654,21 197
2655,4 218
2656,133 188
2657,271 272
2658,102 263
2659,53 146
2660,118 82
2661,200 31
2662,199 25
2663,151 144
2664,57 346
2665,211 261
2666,218 195
2667,186 26
2668,252 285
2669,200 224
2670,72 9
2671,7 168
2672,322 260
2673,128 122
2674,272 281
2675,98 25
2676,337 93
2677,291 232
2678,272 75
2679,277 50
2680,84 83
2681,211 239
2682,79 25
2683,258 161
2684,343 41
2685,271 325
2686,324 304
2687,82 313
2688,192 205
2689,122 325
2690,323 56
2691,304 66
2692,285 211
2693,212 295
2694,123 82
2695,26 332
2696,315 288
2697,248 122
2698,94 204
2699,136 146
2700,134 21
2701,242 299
2702,239 277
2703,290 188
2704,328 195
2705,339 152
2706,26 158
2707,342 113
2708,268 203
2709,214 115
2710,7 347
2711,311 277
2712,186 123
2713,239 338
2714,177 99
2715,169 113
2716,93 337
2717,159 184
2718,67 313
2719,109 295
2720,29 40
2721,55 261
2722,56 21
2723,315 236
2724,57 184
2725,122 332
2726,301 47
2727,165 39
2728,185 200
2729,180 204
2730,312 343
2731,98 186
2732,9 224
2733,61 23
2734,254 249
2735,271 265
2736,115 220
2737,133 183
2738,103 172
2739,122 304
2740,98 82
2741,334 308
2742,22 168
2743,190 96
2744,334 50
2745,109 271
2746,252 223
2747,315 170
2748,185 56
2749,26 62
2750,211 223
2751,122 271
2752,14 312
2753,9 56
2754,224 133
2755,268 59
2756,223 261
2757,147 6
2758,275 4
2759,325 56
2760,246 213
2761,285 56
2762,309 197
2763,238 199
2764,272 148
2765,272 156
2766,75 188
2767,75 170
2768,325 119
2769,62 122
2770,168 129
2771,158 67
2772,170 67
2773,108 272
2774,93 137
2775,254 299
2776,55 122
2777,277 304
2778,9 148
2779,320 36
2780,180 254
2781,94 299
2782,272 258
2783,271 9
2784,172 329
2785,274 323
2786,115 192
2787,172 26
2788,246 322
2789,295 109
2790,184 320
2791,252 56
2792,69 9
2793,137 17
2794,322 199
2795,5 213
2796,82 325
2797,98 119
2798,87 339
2799,277 294
2800,200 325
2801,149 343
2802,137 93
2803,332 271
2804,289 214
2805,252 59
2806,118 252
2807,48 119
2808,122 21
2809,188 252
2810,285 342
2811,245 259
2812,195 273
2813,141 239
2814,224 271
2815,193 259
2816,224 26
2817,25 31
2818,40 265
2819,55 26
2820,231 332
2821,85 274
2822,271 315
2823,239 200
2824,165 334
2825,319 6
2826,322 188
2827,200 165
2828,158 325
2829,103 252
2830,118 161
2831,302 242
2832,329 178
2833,199 67
2834,315 339
2835,67 223
2836,26 297
2837,25 271
2838,239 13
2839,322 280
2840,261 82
2841,28 115
2842,98 118
2843,271 113
2844,266 194
2845,67 239
2846,10 291
2847,113 9
2848,304 252
2849,272 25
2850,178 206
2851,222 238
2852,322 232
2853,103 200
2854,239 199
2855,304 211
2856,21 40
2857,19 289
2858,186 252
2859,41 28
2860,213 332
2861,172 332
2862,188 274
2863,284 329
2864,227 263
2865,285 261
2866,187 94
2867,21 159
2868,73 25
2869,200 104
2870,325 342
2871,104 128
2872,119 277
2873,213 277
2874,314 161
2875,214 333
2876,232 280
2877,121 169
2878,342 271
2879,331 186
2880,252 104
2881,122 169
2882,325 25
2883,239 344
2884,62 322
2885,84 265
2886,67 56
2887,302 204
2888,25 105
2889,225 175
2890,238 134
2891,26 170
2892,304 277
2893,82 67
2894,237 23
2895,21 13
2896,242 322
2897,226 144
2898,342 188
2899,246 308
2900,200 324
2901,298 56
2902,121 236
2903,119 239
2904,31 109
2905,19 112
2906,302 187
2907,319 219
2908,239 176
2909,67 169
2910,263 102
2911,192 52
2912,258 295
2913,238 261
2914,39 105
2915,212 56
2916,203 26
2917,75 272
2918,329 280
2919,113 98
2920,272 98
2921,236 213
2922,313 56
2923,291 199
2924,223 67
2925,40 272
2926,4 328
2927,131 177
2928,169 257
2929,67 236
2930,170 322
2931,188 142
2932,136 87
2933,20 149
2934,119 297
2935,340 324
2936,151 310
2937,188 224
2938,47 301
2939,228 3
2940,58 107
2941,142 40
2942,237 25
2943,127 320
2944,142 308
2945,187 80
2946,245 91
2947,204 101
2948,304 7
2949,65 25
2950,62 318
2951,346 302
2952,345 252
2953,304 134
2954,313 325
2955,232 199
2956,147 219
2957,21 104
2958,55 186
2959,67 308
2960,13 271
2961,63 56
2962,95 147
2963,127 309
2964,40 77
2965,188 3
2966,21 98
2967,236 21
2968,221 56
2969,21 251
2970,330 196
2971,304 200
2972,271 13
2973,180 5
2974,40 212
2975,284 320
2976,113 165
2977,312 214
2978,252 119
2979,118 271
2980,235 122
2981,25 224
2982,322 239
2983,59 98
2984,52 192
2985,264 259
2986,285 109
2987,172 16
2988,100 64
2989,21 122
2990,106 238
2991,222 325
2992,318 236
2993,132 40
2994,67 324
2995,75 274
2996,40 21
2997,323 290
2998,126 73
2999,200 239
3000,123 142
3001,26 239
3002,322 142
3003,312 20
3004,213 30
3005,162 312
3006,170 21
3007,66 239
3008,239 170
3009,59 211
3010,136 213
3011,61 193
3012,204 277
3013,98 258
3014,217 324
3015,2 149
3016,291 129
3017,280 271
3018,199 252
3019,160 260
3020,272 239
3021,128 334
3022,331 119
3023,315 271
3024,26 133
3025,80 249
3026,186 303
3027,169 121
3028,223 188
3029,278 175
3030,285 10
3031,130 62
3032,109 314
3033,243 337
3034,276 232
3035,196 204
3036,88 56
3037,231 213
3038,71 230
3039,122 186
3040,161 314
3041,165 342
3042,16 82
3043,252 98
3044,94 266
3045,84 25
3046,342 199
3047,161 122
3048,325 67
3049,324 315
3050,266 187
3051,17 19
3052,20 326
3053,122 26
3054,169 239
3055,277 10
3056,200 79
3057,291 56
3058,271 26
3059,21 322
3060,170 25
3061,296 263
3062,130 191
3063,299 242
3064,20 111
3065,67 248
3066,345 261
3067,109 304
3068,311 132
3069,263 296
3070,213 322
3071,23 99
3072,313 13
3073,6 219
3074,128 172
3075,236 322
3076,298 72
3077,25 56
3078,304 40
3079,346 242
3080,199 314
3081,25 122
3082,83 84
3083,67 285
3084,289 19
3085,30 188
3086,121 280
3087,133 280
3088,80 213
3089,172 304
3090,277 200
3091,346 80
3092,16 118
3093,119 100
3094,252 142
3095,347 304
3096,25 331
3097,320 94
3098,99 131
3099,159 272
3100,23 51
3101,299 53
3102,45 186
3103,227 278
3104,146 317
3105,249 330
3106,212 72
3107,332 56
3108,200 118
3109,139 284
3110,274 3
3111,9 329
3112,19 343
3113,116 343
3114,25 239
3115,333 226
3116,26 185
3117,92 266
3118,334 67
3119,226 149
3120,99 227
3121,246 340
3122,59 82
3123,130 213
3124,334 40
3125,199 298
3126,132 334
3127,245 23
3128,94 242
3129,62 98
3130,188 113
3131,28 41
3132,201 91
3133,306 78
3134,113 50
3135,67 45
3136,142 62
3137,285 98
3138,56 303
3139,150 100
3140,239 213
3141,119 64
3142,261 238
3143,135 320
3144,84 304
3145,109 122
3146,277 315
3147,252 67
3148,313 211
3149,181 78
3150,13 21
3151,277 132
3152,21 323
3153,121 21
3154,265 84
3155,231 29
3156,203 172
3157,185 285
3158,142 332
3159,304 199
3160,184 127
3161,109 50
3162,249 242
3163,315 231
3164,332 48
3165,4 273
3166,65 297
3167,182 253
3168,252 271
3169,312 162
3170,266 24
3171,194 94
3172,36 281
3173,28 116
3174,299 73
3175,277 311
3176,322 277
3177,272 127
3178,197 329
3179,213 204
3180,313 113
3181,323 280
3182,257 40
3183,258 40
3184,89 327
3185,121 69
3186,261 224
3187,87 308
3188,39 165
3189,139 127
3190,305 312
3191,280 257
3192,320 57
3193,332 172
3194,108 57
3195,322 38
3196,62 261
3197,116 214
3198,88 126
3199,163 119
3200,313 314
3201,315 67
3202,14 149
3203,199 324
3204,252 169
3205,135 251
3206,204 330
3207,40 307
3208,329 202
3209,66 142
3210,113 291
3211,191 130
3212,256 233
3213,322 126
3214,186 325
3215,128 150
3216,304 347
3217,333 214
3218,308 334
3219,252 172
3220,28 14
3221,318 169
3222,38 117
3223,80 173
3224,21 31
3225,25 270
3226,25 21
3227,322 87
3228,285 142
3229,141 271
3230,134 113
3231,173 80
3232,329 54
3233,285 345
3234,29 172
3235,103 323
3236,272 122
3237,72 67
3238,57 242
3239,194 24
3240,236 315
3241,230 253
3242,199 231
3243,252 345
3244,95 6
3245,116 226
3246,82 98
3247,162 116
3248,323 271
3249,297 261
3250,9 169
3251,239 113
3252,323 170
3253,136 125
3254,341 170
3255,161 304
3256,72 172
3257,84 276
3258,9 315
3259,118 67
3260,67 113
3261,54 53
3262,304 141
3263,159 108
3264,99 177
3265,280 21
3266,213 249
3267,203 142
3268,170 313
3269,13 56
3270,109 148
3271,258 85
3272,285 232
3273,277 119
3274,320 329
3275,322 285
3276,31 252
3277,344 311
3278,313 39
3279,53 130
3280,170 203
3281,94 25
3282,330 48
3283,303 142
3284,323 9
3285,173 34
3286,276 62
3287,62 341
3288,26 13
3289,137 32
3290,98 291
3291,268 271
3292,345 315
3293,304 69
3294,226 115
3295,180 94
3296,151 312
3297,175 225
3298,325 113
3299,343 333
3300,296 227
3301,54 119
3302,109 13
3303,122 277
3304,71 307
3305,123 104
3306,329 315
3307,141 38
3308,104 344
3309,67 170
3310,281 127
3311,99 143
3312,99 175
3313,156 5
3314,291 60
3315,142 113
3316,10 285
3317,148 9
3318,117 280
3319,137 289
3320,169 291
3321,172 113
3322,23 240
3323,343 326
3324,320 251
3325,214 17
3326,129 339
3327,291 315
3328,117 38
3329,314 271
3330,92 299
3331,98 67
3332,122 5
3333,122 176
3334,116 41
3335,291 248
3336,291 141
3337,214 289
3338,281 36
3339,21 123
3340,261 148
3341,6 319
3342,291 208
3343,271 290
3344,100 119
3345,185 9
3346,16 329
3347,185 67
3348,118 134
3349,346 57
3350,223 13
3351,60 322
3352,297 119
3353,118 109
3354,30 224
3355,224 236
3356,261 13
3357,203 223
3358,175 68
3359,28 149
3360,313 82
3361,194 187
3362,119 113
3363,79 271
3364,239 188
3365,188 297
3366,118 322
3367,168 158
3368,271 224
3369,108 127
3370,40 203
3371,212 26
3372,252 250
3373,284 139
3374,29 203
3375,101 254
3376,21 248
3377,196 254
3378,25 69
3379,290 185
3380,232 26
3381,128 186
3382,213 224
3383,252 9
3384,248 158
3385,9 186
3386,277 109
3387,283 228
3388,180 101
3389,322 207
3390,105 39
3391,158 132
3392,249 196
3393,200 334
3394,103 185
3395,236 141
3396,102 227
3397,211 59
3398,326 41
3399,25 185
3400,148 146
3401,271 148
3402,16 29
3403,106 329
3404,115 144
3405,104 45
3406,268 211
3407,56 170
3408,252 21
3409,56 186
3410,115 17
3411,224 96
3412,297 272
3413,323 239
3414,169 280
3415,271 169
3416,271 291
3417,304 84
3418,20 214
3419,172 56
3420,331 265
3421,122 345
3422,332 26
3423,92 254
3424,48 332
3425,273 275
3426,273 306
3427,13 265
3428,252 212
3429,345 45
3430,9 141
3431,254 94
3432,122 113
3433,320 139
3434,213 285
3435,139 184
3436,271 103
3437,211 304
3438,278 131
3439,128 211
3440,214 230
3441,46 278
3442,56 325
3443,239 59
3444,249 92
3445,252 261
3446,236 314
3447,199 322
3448,157 155
3449,167 243
3450,26 313
3451,329 324
3452,82 29
3453,98 62
3454,56 109
3455,122 297
3456,339 260
3457,78 181
3458,141 56
3459,72 199
3460,291 98
3461,31 142
3462,82 119
3463,322 304
3464,252 324
3465,186 98
3466,239 280
3467,172 325
3468,123 239
3469,252 280
3470,1 346
3471,271 223
3472,122 156
3473,25 67
3474,48 271
3475,31 280
3476,23 230
3477,26 257
3478,322 40
3479,130 346
3480,312 140
3481,208 277
3482,223 265
3483,159 21
3484,116 2
3485,238 13
3486,39 161
3487,227 99
3488,136 246
3489,38 178
3490,109 31
3491,225 278
3492,318 62
3493,25 103
3494,7 291
3495,291 26
3496,161 67
3497,141 236
3498,248 128
3499,21 325
3500,197 309
3501,231 82
3502,169 67
3503,72 25
3504,310 243
3505,22 324
3506,223 128
3507,272 320
3508,67 31
3509,2 115
3510,55 252
3511,105 280
3512,77 294
3513,132 56
3514,84 313
3515,171 64
3516,308 203
3517,79 119
3518,40 257
3519,142 186
3520,143 35
3521,105 119
3522,200 232
3523,276 239
3524,332 323
3525,101 317
3526,68 99
3527,176 85
3528,128 169
3529,222 82
3530,142 280
3531,200 274
3532,219 89
3533,252 277
3534,324 277
3535,261 265
3536,62 141
3537,161 213
3538,122 62
3539,172 40
3540,257 258
3541,303 178
3542,322 341
3543,93 32
3544,203 134
3545,104 55
3546,343 226
3547,342 322
3548,322 185
3549,342 238
3550,303 30
3551,25 221
3552,134 9
3553,203 113
3554,323 277
3555,22 185
3556,53 315
3557,232 25
3558,113 252
3559,41 44
3560,23 237
3561,142 315
3562,75 322
3563,236 252
3564,323 297
3565,338 239
3566,331 172
3567,200 248
3568,17 312
3569,339 322
3570,13 26
3571,101 92
3572,41 337
3573,67 66
3574,13 304
3575,271 318
3576,54 48
3577,17 137
3578,104 98
3579,243 310
3580,67 315
3581,134 142
3582,50 109
3583,31 7
3584,239 272
3585,26 280
3586,75 85
3587,236 67
3588,188 271
3589,56 331
3590,277 239
3591,156 258
3592,188 176
3593,146 119
3594,92 330
3595,261 119
3596,219 147
3597,213 242
3598,7 340
3599,163 249
3600,51 84
3601,155 23
3602,299 80
3603,104 109
3604,82 123
3605,326 312
3606,277 142
3607,85 258
3608,261 285
3609,197 281
3610,271 323
3611,248 265
3612,133 224
3613,309 251
3614,109 98
3615,158 109
3616,88 242
3617,26 119
3618,271 48
3619,24 242
3620,122 104
3621,119 342
3622,226 333
3623,100 189
3624,332 77
3625,332 224
3626,298 172
3627,280 169
3628,225 143
3629,272 72
3630,142 200
3631,242 330
3632,9 75
3633,106 332
3634,229 190
3635,88 236
3636,66 252
3637,232 239
3638,115 214
3639,320 346
3640,224 30
3641,32 137
3642,243 137
3643,25 236
3644,252 55
3645,170 334
3646,329 30
3647,181 273
3648,56 232
3649,2 116
3650,322 303
3651,223 56
3652,332 40
3653,101 24
3654,79 272
3655,266 92
3656,35 143
3657,199 288
3658,246 304
3659,172 159
3660,222 240
3661,149 333
3662,346 180
3663,221 45
3664,308 329
3665,334 142
3666,10 277
3667,60 56
3668,170 211
3669,315 277
3670,336 88
3671,204 302
3672,9 30
3673,21 297
3674,13 109
3675,62 26
3676,48 299
3677,278 99
3678,320 309
3679,132 72
3680,238 324
3681,104 271
3682,196 180
3683,133 322
3684,163 100
3685,53 194
3686,316 5
3687,249 80
3688,322 213
3689,96 314
3690,119 146
3691,280 277
3692,82 238
3693,32 337
3694,315 87
3695,7 339
3696,149 144
3697,122 315
3698,166 173
3699,39 200
3700,260 53
3701,136 285
3702,213 136
3703,223 21
3704,280 322
3705,175 102
3706,291 113
3707,220 312
3708,223 252
3709,203 322
3710,328 181
3711,277 113
3712,277 9
3713,5 158
3714,312 19
3715,98 56
3716,232 72
3717,200 203
3718,213 340
3719,346 330
3720,261 59
3721,325 238
3722,242 346
3723,38 322
3724,280 3
3725,276 56
3726,142 252
3727,65 7
3728,26 172
3729,271 342
3730,339 65
3731,333 20
3732,308 304
3733,185 79
3734,324 200
3735,150 324
3736,199 223
3737,31 67
3738,199 62
3739,53 94
3740,339 315
3741,41 310
3742,29 106
3743,236 1
3744,347 7
3745,252 297
3746,79 9
3747,232 172
3748,56 265
3749,122 322
3750,172 128
3751,159 284
3752,44 41
3753,331 332
3754,133 315
3755,285 67
3756,278 177
3757,258 272
3758,265 118
3759,285 272
3760,170 223
3761,95 327
3762,324 297
3763,200 236
3764,314 261
3765,285 113
3766,268 170
3767,118 16
3768,337 137
3769,251 122
3770,297 122
3771,258 323
3772,137 326
3773,22 308
3774,3 9
3775,148 13
3776,53 248
3777,21 109
3778,261 342
3779,229 148
3780,169 25
3781,26 285
3782,10 200
3783,290 277
3784,134 334
3785,1 73
3786,276 224
3787,312 151
3788,107 171
3789,41 343
3790,26 223
3791,144 115
3792,59 172
3793,214 111
3794,170 188
3795,21 252
3796,277 248
3797,158 248
3798,175 23
3799,330 302
3800,200 103
3801,72 212
3802,277 172
3803,103 211
3804,188 272
3805,285 25
3806,7 87
3807,345 142
3808,98 342
3809,9 272
3810,291 231
3811,291 168
3812,224 315
3813,223 313
3814,339 291
3815,213 80
3816,242 94
3817,314 109
3818,87 5
3819,331 50
3820,119 132
3821,58 171
3822,111 93
3823,113 40
3824,218 4
3825,14 214
3826,72 329
3827,172 223
3828,213 130
3829,300 80
3830,142 236
3831,277 342
3832,124 157
3833,109 332
3834,342 252
3835,272 184
3836,14 326
3837,140 144
3838,271 82
3839,297 236
3840,343 312
3841,142 169
3842,48 199
3843,271 109
3844,200 21
3845,239 72
3846,321 143
3847,56 118
3848,104 212
3849,26 295
3850,98 238
3851,184 284
3852,41 111
3853,213 178
3854,64 100
3855,119 79
3856,204 194
3857,144 149
3858,299 302
3859,231 280
3860,62 224
3861,239 271
3862,259 245
3863,332 142
3864,40 113
3865,236 26
3866,131 225
3867,320 281
3868,212 104
3869,208 285
3870,146 53
3871,151 28
3872,277 290
3873,82 252
3874,203 128
3875,67 40
3876,26 134
3877,119 203
3878,251 309
3879,339 146
3880,334 170
3881,340 246
3882,98 199
3883,31 21
3884,323 315
3885,53 302
3886,98 313
3887,25 288
3888,203 304
3889,123 55
3890,200 322
3891,261 62
3892,56 213
3893,304 188
3894,19 319
3895,211 313
3896,203 48
3897,193 91
3898,127 184
3899,9 161
3900,306 273
3901,56 82
3902,25 325
3903,65 252
3904,329 204
3905,2 326
3906,319 19
3907,323 200
3908,29 82
3909,271 238
3910,24 92
3911,113 122
3912,23 155
3913,9 297
3914,206 260
3915,109 277
3916,280 153
3917,275 152
3918,296 68
3919,101 180
3920,291 277
3921,272 188
3922,227 19
3923,259 91
3924,238 271
3925,117 77
3926,333 162
3927,334 229
3928,208 332
3929,224 188
3930,104 277
3931,315 5
3932,122 9
3933,119 105
3934,113 285
3935,14 41
3936,9 133
3937,252 161
3938,315 169
3939,41 312
3940,323 10
3941,9 185
3942,303 88
3943,203 324
3944,260 206
3945,109 239
3946,23 124
3947,119 200
3948,322 342
3949,269 329
3950,277 31
3951,78 195
3952,211 271
3953,194 1
3954,306 218
3955,238 172
3956,98 123
3957,342 223
3958,40 322
3959,306 328
3960,230 97
3961,67 118
3962,342 122
3963,265 172
3964,73 88
3965,199 48
3966,263 99
3967,104 239
3968,178 186
3969,180 53
3970,26 109
3971,345 322
3972,347 22
3973,271 212
3974,231 77
3975,26 72
3976,187 194
3977,332 277
3978,183 133
3979,135 127
3980,171 217
3981,313 223
3982,162 333
3983,122 66
3984,96 323
3985,188 258
3986,330 346
3987,309 36
3988,280 9
3989,195 78
3990,7 246
3991,25 98
3992,248 236
3993,76 25
3994,119 25
3995,265 261
3996,315 122
3997,32 93
3998,283 25
3999,260 322
4000,231 291
4001,332 53
4002,179 90
4003,239 118
4004,236 25
4005,36 127
4006,158 332
4007,285 26
4008,5 235
4009,134 238
4010,323 21
4011,303 186
4012,175 143
4013,343 214
4014,252 304
4015,72 132
4016,122 98
4017,317 53
4018,315 252
4019,205 192
4020,313 84
4021,308 67
4022,203 199
4023,312 41
4024,113 188
4025,1 236
4026,272 280
4027,346 254
4028,238 106
4029,277 323
4030,283 118
4031,272 329
4032,271 268
4033,80 94
4034,192 115
4035,21 315
4036,196 285
4037,272 291
4038,217 150
4039,92 302
4040,334 128
4041,31 25
4042,161 203
4043,105 25
4044,236 133
4045,86 175
4046,67 161
4047,16 331
4048,277 168
4049,14 343
4050,312 2
4051,26 169
4052,121 315
4053,91 264
4054,175 177
4055,119 21
4056,141 9
4057,31 122
4058,322 297
4059,280 119
4060,295 156
4061,334 56
4062,318 334
4063,203 55
4064,188 322
4065,27 324
4066,69 236
4067,337 167
4068,25 257
4069,334 123
4070,25 203
4071,318 104
4072,80 242
4073,315 53
4074,29 247
4075,82 211
4076,280 117
4077,188 200
4078,273 195
4079,231 329
4080,224 304
4081,119 148
4082,277 118
4083,122 45
4084,322 236
4085,86 177
4086,332 304
4087,21 200
4088,203 277
4089,323 75
4090,280 329
4091,199 232
4092,40 26
4093,142 3
4094,89 19
4095,17 144
4096,21 66
4097,172 298
4098,2 343
4099,276 141
4100,311 344
4101,239 304
4102,214 312
4103,25 113
4104,325 261
4105,297 109
4106,119 56
4107,236 200
4108,344 122
4109,31 304
4110,200 185
4111,19 227
4112,200 186
4113,13 59
4114,254 242
4115,180 346
4116,98 276
4117,213 303
4118,258 75
4119,272 178
4120,83 51
4121,280 31
4122,9 200
4123,277 322
4124,240 222
4125,170 186
4126,66 304
4127,315 94
4128,111 326
4129,288 199
4130,318 82
4131,56 261
4132,214 343
4133,40 325
4134,315 199
4135,272 197
4136,275 328
4137,332 106
4138,280 232
4139,62 130
4140,121 82
4141,187 249
4142,223 26
4143,118 98
4144,242 213
4145,298 26
4146,213 239
4147,284 122
4148,158 5
4149,7 304
4150,80 315
4151,48 322
4152,39 25
4153,20 14
4154,156 85
4155,319 95
4156,238 313
4157,142 10
4158,30 304
4159,3 274
4160,23 144
4161,334 318
4162,132 317
4163,123 261
4164,40 132
4165,212 271
4166,223 325
4167,25 73
4168,40 172
4169,24 80
4170,322 169
4171,91 201
4172,304 136
4173,62 56
4174,31 84
4175,46 143
4176,141 323
4177,239 231
4178,232 322
4179,188 341
4180,141 258
4181,248 291
4182,170 277
4183,40 67
4184,319 327
4185,315 21
4186,224 324
4187,211 170
4188,277 122
4189,272 141
4190,170 55
4191,303 239
4192,213 7
4193,1 322
4194,27 329
4195,7 308
4196,56 134
4197,137 310
4198,272 79
4199,38 339
4200,185 148
4201,128 315
4202,25 130
4203,315 188
4204,194 299
4205,55 123
4206,7 129
4207,66 26
4208,345 178
4209,197 159
4210,312 116
4211,170 85
4212,345 213
4213,252 334
4214,323 109
4215,94 302
4216,272 257
4217,21 232
4218,16 172
4219,9 21
4220,56 323
4221,216 243
4222,308 161
4223,274 85
4224,277 104
4225,72 239
4226,190 229
4227,322 7
4228,26 67
4229,123 122
4230,300 320
4231,133 9
4232,75 258
4233,21 108
4234,149 312
4235,203 122
4236,213 231
4237,194 302
4238,180 92
4239,128 119
4240,224 62
4241,96 62
4242,311 248
4243,242 302
4244,249 204
4245,265 211
4246,169 248
4247,313 339
4248,69 121
4249,158 317
4250,278 143
4251,130 277
4252,199 161
4253,21 161
4254,238 325
4255,9 285
4256,187 180
4257,342 325
4258,57 302
4259,9 291
4260,177 46
4261,88 53
4262,261 252
4263,98 211
4264,320 284
4265,25 237
4266,67 199
4267,218 306
4268,298 212
4269,172 59
4270,309 284
4271,80 204
4272,280 133
4273,59 13
4274,169 82
4275,152 339
4276,167 310
4277,262 312
4278,322 133
4279,277 169
4280,239 285
4281,119 67
4282,277 13
4283,56 285
4284,111 44
4285,67 342
4286,145 179
4287,227 175
4288,188 185
4289,21 345
4290,239 303
4291,77 231
4292,315 40
4293,133 1
4294,69 39
4295,237 83
4296,56 98
4297,65 13
4298,323 186
4299,116 162
4300,178 272
4301,26 113
4302,144 140
4303,139 159
4304,188 334
4305,275 306
4306,278 227
4307,29 211
4308,339 7
4309,9 122
4310,297 271
4311,261 199
4312,265 248
4313,277 56
4314,86 227
4315,82 222
4316,65 203
4317,128 223
4318,231 56
4319,271 280
4320,25 26
4321,133 232
4322,277 40
4323,280 185
4324,67 156
4325,148 98
4326,274 170
4327,38 7
4328,188 79
4329,214 140
4330,325 82
4331,276 322
4332,326 2
4333,116 17
4334,65 339
4335,39 69
4336,346 299
4337,26 224
4338,104 332
4339,187 5
4340,322 200
4341,271 122
4342,339 347
4343,324 340
4344,141 272
4345,251 139
4346,128 67
4347,185 188
4348,177 143
4349,60 158
4350,280 39
4351,324 203
4352,80 101
4353,186 272
4354,261 318
4355,26 325
4356,93 41
4357,219 6
4358,118 222
4359,323 25
4360,238 252
4361,339 103
4362,25 79
4363,187 242
4364,113 158
4365,266 180
4366,48 302
4367,318 271
4368,184 309
4369,113 56
4370,45 322
4371,109 297
4372,56 207
4373,341 323
4374,119 27
4375,78 4
4376,323 274
4377,325 203
4378,281 139
4379,329 231
4380,271 72
4381,63 261
4382,346 94
4383,26 322
4384,121 113
4385,172 268
4386,201 8
4387,177 86
4388,21 304
4389,87 7
4390,254 196
4391,48 1
4392,67 98
4393,57 320
4394,78 328
4395,224 40
4396,83 237
4397,118 238
4398,257 130
4399,313 128
4400,276 84
4401,119 339
4402,156 9
4403,67 261
4404,104 295
4405,200 10
4406,306 195
4407,169 322
4408,56 13
4409,263 227
4410,268 261
4411,149 116
4412,170 341
4413,175 227
4414,169 103
4415,121 39
4416,140 115
4417,295 258
4418,325 311
4419,144 312
4420,66 113
4421,277 21
4422,332 21
4423,142 67
4424,113 186
4425,102 175
4426,332 285
4427,67 158
4428,329 172
4429,21 39
4430,118 313
4431,265 13
4432,187 299
4433,119 98
4434,277 134
4435,22 347
4436,313 67
4437,186 113
4438,199 211
4439,82 84
4440,277 203
4441,141 133
4442,56 63
4443,119 329
4444,258 156
4445,284 309
4446,271 313
4447,257 322
4448,230 41
4449,197 184
4450,19 41
4451,257 141
4452,99 225
4453,213 5
4454,346 266
4455,116 115
4456,6 95
4457,88 130
4458,108 251
4459,222 186
4460,189 171
4461,212 21
4462,308 252
4463,101 242
4464,128 199
4465,67 79
4466,170 9
4467,21 186
4468,337 243
4469,298 232
4470,168 277
4471,342 9
4472,22 158
4473,272 105
4474,258 98
4475,200 119
4476,82 16
4477,173 166
4478,109 323
4479,151 14
4480,143 99
4481,199 141
4482,170 98
4483,1 54
4484,39 277
4485,280 40
4486,221 186
4487,334 134
4488,277 130
4489,136 315
4490,315 7
4491,304 236
4492,5 169
4493,20 343
4494,67 334
4495,105 148
4496,25 322
4497,9 295
4498,122 276
4499,306 181
4500,264 110
4501,158 322
4502,252 238
4503,53 88
4504,188 122
4505,259 264
4506,254 92
4507,128 56
4508,213 67
4509,304 118
4510,213 236
4511,7 315
4512,213 291
4513,136 324
4514,184 197
4515,39 313
4516,10 67
4517,331 73
4518,184 251
4519,124 23
4520,271 161
4521,21 25
4522,186 223
4523,258 291
4524,169 109
4525,326 115
4526,78 275
4527,38 332
4528,82 318
4529,128 203
4530,325 271
4531,252 313
4532,315 304
4533,40 56
4534,329 284
4535,94 101
4536,200 332
4537,261 55
4538,247 120
4539,203 271
4540,302 92
4541,266 346
4542,25 83
4543,200 40
4544,329 40
4545,197 135
4546,253 230
4547,150 217
4548,150 119
4549,323 308
4550,236 318
4551,136 103
4552,140 116
4553,332 280
4554,85 272
4555,280 200
4556,249 163
4557,168 339
4558,9 232
4559,181 4
4560,285 239
4561,9 25
4562,26 104
4563,180 249
4564,217 100
4565,180 302
4566,17 214
4567,220 262
4568,327 319
4569,104 252
4570,169 165
4571,271 186
4572,185 170
4573,137 337
4574,291 9
4575,242 187
4576,180 299
4577,199 342
4578,306 4
4579,123 21
4580,242 88
4581,169 10
4582,271 85
4583,322 221
4584,191 53
4585,290 271
4586,272 252
4587,315 224
4588,193 8
4589,56 25
4590,343 14
4591,158 291
4592,212 298
4593,56 315
4594,329 72
4595,325 313
4596,317 146
4597,251 127
4598,194 53
4599,302 101
4600,294 77
4601,328 273
4602,19 89
4603,346 187
4604,122 213
4605,122 119
4606,308 322
4607,337 310
4608,315 142
4609,87 22
4610,211 265
4611,134 199
4612,122 109
4613,134 248
4614,186 122
4615,266 94
4616,85 9
4617,188 280
4618,291 329
4619,326 144
4620,225 68
4621,285 252
4622,13 119
4623,343 162
4624,313 238
4625,323 248
4626,50 148
4627,200 223
4628,48 53
4629,122 232
4630,142 26
4631,271 200
4632,231 239
4633,3 323
4634,92 53
4635,323 100
4636,72 298
4637,323 67
4638,107 58
4639,127 159
4640,13 211
4641,290 67
4642,79 200
4643,26 186
4644,57 204
4645,295 257
4646,82 203
4647,39 280
4648,281 184
4649,118 59
4650,56 172
4651,93 111
4652,178 329
4653,213 308
4654,272 56
4655,82 268
4656,250 322
4657,223 211
4658,17 115
4659,129 347
4660,40 25
4661,39 119
4662,14 310
4663,176 148
4664,273 4
4665,203 40
4666,148 261
4667,48 30
4668,41 93
4669,252 188
4670,142 45
4671,281 309
4672,115 149
4673,56 341
4674,79 185
4675,133 276
4676,232 122
4677,113 334
4678,127 346
4679,13 199
4680,62 133
4681,277 204
4682,211 268
4683,326 137
4684,239 104
4685,8 193
4686,175 296
4687,45 303
4688,80 180
4689,261 172
4690,56 223
4691,246 136
4692,188 223
4693,238 98
4694,239 98
4695,200 72
4696,271 98
4697,148 271
4698,260 339
4699,118 265
4700,203 98
4701,347 339
4702,158 168
4703,9 341
4704,188 156
4705,122 67
4706,304 341
4707,188 85
4708,231 199
4709,271 67
4710,176 119
4711,26 25
4712,53 92
4713,330 254
4714,232 291
4715,14 115
4716,299 300
4717,70 230
4718,272 67
4719,170 75
4720,25 170
4721,326 111
4722,24 57
4723,302 180
4724,170 323
4725,223 62
4726,254 266
4727,123 252
4728,10 323
4729,271 118
4730,257 304
4731,326 140
4732,274 200
4733,92 101
4734,271 298
4735,148 185
4736,280 323
4737,26 323
4738,291 271
4739,250 170
4740,55 104
4741,326 14
4742,308 66
4743,184 272
4744,116 326
4745,156 235
4746,92 249
4747,325 118
4748,9 69
4749,13 332
4750,116 28
4751,21 284
4752,200 62
4753,238 118
4754,186 331
4755,331 82
4756,41 19
4757,13 65
4758,332 170
4759,199 271
4760,9 271
4761,186 271
4762,252 239
4763,284 127
4764,122 281
4765,169 106
4766,132 113
4767,159 197
4768,249 53
4769,112 174
4770,199 13
4771,252 342
4772,92 57
4773,239 186
4774,4 78
4775,188 186
4776,246 87
4777,208 119
4778,23 267
4779,64 150
4780,5 156
4781,163 150
4782,227 131
4783,304 315
4784,221 25
4785,200 252
4786,56 271
4787,310 14
4788,242 92
4789,80 88
4790,53 1
4791,40 298
4792,235 156
4793,16 332
4794,63 342
4795,186 88
4796,173 202
4797,165 188
4798,165 21
4799,42 33
4800,310 28
4801,312 226
4802,50 334
4803,66 334
4804,271 104
4805,330 101
4806,211 315
4807,72 271
4808,285 203
4809,152 181
4810,59 238
4811,193 61
4812,260 170
4813,94 194
4814,94 330
4815,21 67
4816,285 322
4817,229 119
4818,161 325
4819,185 272
4820,136 67
4821,89 219
4822,225 131
4823,236 248
4824,84 31
4825,98 103
4826,334 200
4827,149 28
4828,69 105
4829,342 123
4830,265 271
4831,199 72
4832,175 263
4833,252 118
4834,195 328
4835,334 66
4836,48 130
4837,312 144
4838,164 285
4839,39 257
4840,132 242
4841,239 40
4842,230 214
4843,80 330
4844,149 14
4845,126 1
4846,21 313
4847,113 199
4848,272 85
4849,257 105
4850,66 134
4851,271 63
4852,274 185
4853,172 203
4854,313 119
4855,119 1
4856,203 341
4857,119 248
4858,8 110
4859,324 27
4860,98 200
4861,323 188
4862,232 271
4863,4 181
4864,21 127
4865,304 285
4866,158 232
4867,211 172
4868,204 180
4869,45 132
4870,98 13
4871,142 203
4872,304 246
4873,269 100
4874,25 65
4875,55 185
4876,213 56
4877,332 213
4878,285 332
4879,142 188
4880,324 224
4881,202 173
4882,48 126
4883,187 266
4884,9 3
4885,113 169
4886,246 285
4887,303 213
4888,142 239
4889,251 184
4890,53 242
4891,172 231
4892,188 13
4893,203 338
4894,111 137
4895,214 19
4896,41 326
4897,113 134
4898,98 304
4899,10 332
4900,184 108
4901,343 20
4902,170 239
4903,147 89
4904,141 25
4905,236 84
4906,34 173
4907,9 231
4908,67 82
4909,148 224
4910,320 197
4911,26 142
4912,241 49
4913,170 119
4914,87 291
4915,199 200
4916,320 80
4917,143 321
4918,217 189
4919,303 67
4920,9 188
4921,122 239
4922,302 299
4923,118 203
4924,62 186
4925,170 62
4926,119 324
4927,137 140
4928,281 135
4929,239 265
4930,200 45
4931,66 122
4932,323 26
4933,203 270
4934,222 211
4935,98 239
4936,239 142
4937,98 109
4938,188 208
4939,67 224
4940,119 318
4941,119 261
4942,59 118
4943,67 122
4944,302 48
4945,206 121
4946,263 68
4947,26 66
4948,236 30
4949,324 67
4950,170 122
4951,88 178
4952,56 113
4953,137 243
4954,25 246
4955,41 20
4956,199 26
4957,254 180
4958,40 258
4959,119 189
4960,304 31
4961,186 25
4962,140 28
4963,98 277
4964,26 56
4965,176 122
4966,317 40
4967,134 277
4968,298 199
4969,281 122
4970,265 252
4971,51 31
4972,285 188
4973,265 26
4974,280 297
4975,63 271
4976,271 314
4977,322 67
4978,297 25
4979,26 248
4980,304 13
4981,181 218
4982,68 296
4983,45 345
4984,89 147
4985,66 308
4986,315 1
4987,185 26
4988,181 306
4989,271 56
4990,105 315
4991,270 25
4992,261 56
4993,158 60
4994,231 25
4995,176 188
4996,246 25
4997,122 136
4998,248 134
4999,331 25
5000,25 332
5001,97 182
5002,201 259
5003,60 313
5004,156 272
5005,268 172
5006,122 251
5007,172 313
5008,342 285
5009,299 1
5010,92 80
5011,343 144
5012,339 158
5013,56 142
5014,109 325
5015,252 170
5016,177 68
5017,265 313
5018,219 154
5019,169 252
5020,24 249
5021,199 313
5022,322 224
5023,128 98
5024,200 142
5025,30 178
5026,13 325
5027,170 252
5028,322 271
5029,88 25
5030,127 197
5031,26 212
5032,62 96
5033,171 58
5034,326 20
5035,85 75
5036,98 332
5037,291 339
